-1.072257594058430019e-01 -2.105263157895165271e-02 1.065263157894732249e+00
-1.052631578947409441e-01 -2.630711605674762588e-02 1.065263157894732249e+00
-1.052631578947409441e-01 -2.105263157895165271e-02 1.054797716642676519e+00
-1.127936112253329348e-01 -2.105263157895165271e-02 1.107368421052626672e+00
-1.052631578947409441e-01 -4.125591077303059073e-02 1.107368421052626672e+00
-1.162861071134908553e-01 -2.105263157895165271e-02 1.149473684210521540e+00
-1.052631578947409441e-01 -5.069917377673127667e-02 1.149473684210521540e+00
-1.179287559107771166e-01 -2.105263157895165271e-02 1.191578947368416408e+00
-1.052631578947409441e-01 -5.517128392270165271e-02 1.191578947368416408e+00
-1.178201775801850371e-01 -2.105263157895165271e-02 1.233684210526310832e+00
-1.052631578947409441e-01 -5.487494217722455048e-02 1.233684210526310832e+00
-1.159539473684252364e-01 -2.105263157895165271e-02 1.275789473684205255e+00
-1.052631578947409441e-01 -4.979778089021813514e-02 1.275789473684205255e+00
-1.122173108552673160e-01 -2.105263157895165271e-02 1.317894736842100123e+00
-1.052631578947409441e-01 -3.970433285362262588e-02 1.317894736842100123e+00
-1.063662880345435102e-01 -2.105263157895165271e-02 1.359999999999994991e+00
-1.052631578947409441e-01 -2.400609066612280351e-02 1.359999999999994991e+00
-1.052631578947409441e-01 -2.105263157895165271e-02 1.365661331979846516e+00
-1.072257594058430019e-01 2.105263157894299297e-02 1.065263157894732249e+00
-1.052631578947409441e-01 2.105263157894299297e-02 1.054797716642676519e+00
-1.127936112253329348e-01 2.105263157894299297e-02 1.107368421052626672e+00
-1.162861071134908553e-01 2.105263157894299297e-02 1.149473684210521540e+00
-1.179287559107771166e-01 2.105263157894299297e-02 1.191578947368416408e+00
-1.178201775801850371e-01 2.105263157894299297e-02 1.233684210526310832e+00
-1.159539473684252364e-01 2.105263157894299297e-02 1.275789473684205255e+00
-1.122173108552673160e-01 2.105263157894299297e-02 1.317894736842100123e+00
-1.063662880345435102e-01 2.105263157894299297e-02 1.359999999999994991e+00
-1.052631578947409441e-01 2.105263157894299297e-02 1.365661331979846516e+00
-1.052631578947409441e-01 2.630711605673896614e-02 1.065263157894732249e+00
-1.052631578947409441e-01 4.125591077302193099e-02 1.107368421052626672e+00
-1.052631578947409441e-01 5.069917377672261694e-02 1.149473684210521540e+00
-1.052631578947409441e-01 5.517128392269299297e-02 1.191578947368416408e+00
-1.052631578947409441e-01 5.487494217721611278e-02 1.233684210526310832e+00
-1.052631578947409441e-01 4.979778089020925336e-02 1.275789473684205255e+00
-1.052631578947409441e-01 3.970433285361396614e-02 1.317894736842100123e+00
-1.052631578947409441e-01 2.400609066611414377e-02 1.359999999999994991e+00
-6.503376207854039137e-02 -6.315789473684629840e-02 9.810526315789429574e-01
-6.315789473684629840e-02 -6.503376207854039137e-02 9.810526315789429574e-01
-6.315789473684629840e-02 -6.315789473684629840e-02 9.767119076377421827e-01
-7.874354312294817859e-02 -6.315789473684629840e-02 1.023157894736837825e+00
-6.315789473684629840e-02 -7.874370374178041310e-02 1.023157894736837825e+00
-8.849326685855674057e-02 -6.315789473684629840e-02 1.065263157894732249e+00
-6.315789473684629840e-02 -8.849358809622120958e-02 1.065263157894732249e+00
-9.525355288857317859e-02 -6.315789473684629840e-02 1.107368421052626672e+00
-6.315789473684629840e-02 -9.525355288857317859e-02 1.107368421052626672e+00
-9.954159385280014760e-02 -6.315789473684629840e-02 1.149473684210521540e+00
-6.315789473684629840e-02 -9.954175447163238211e-02 1.149473684210521540e+00
-1.015840229235238645e-01 -6.315789473684629840e-02 1.191578947368416408e+00
-6.315789473684629840e-02 -1.015841835423560990e-01 1.191578947368416408e+00
-1.014483000102837096e-01 -6.315789473684629840e-02 1.233684210526310832e+00
-6.315789473684629840e-02 -1.014484606291159441e-01 1.233684210526310832e+00
-9.913105211760275814e-02 -6.315789473684629840e-02 1.275789473684205255e+00
-6.315789473684629840e-02 -9.913137335526722715e-02 1.275789473684205255e+00
-9.455100611636924057e-02 -6.315789473684629840e-02 1.317894736842100123e+00
-6.315789473684629840e-02 -9.475563450863888626e-02 1.317894736842100123e+00
-8.745711477179685112e-02 -6.315789473684629840e-02 1.359999999999994991e+00
-6.315789473684629840e-02 -9.449992932771800191e-02 1.359999999999994991e+00
-7.728046618010275814e-02 -6.315789473684629840e-02 1.402105263157889414e+00
-6.315789473684629840e-02 -8.408990157278384281e-02 1.402105263157889414e+00
-6.315789473684629840e-02 -6.315789473684629840e-02 1.443679841694073485e+00
-7.326114052220811246e-02 -2.105263157895165271e-02 9.389473684210483118e-01
-6.315789473684629840e-02 -3.878928736636932939e-02 9.389473684210483118e-01
-6.315789473684629840e-02 -2.105263157895165271e-02 9.197651431434989977e-01
-8.886927554482326741e-02 -2.105263157895165271e-02 9.810526315789429574e-01
-9.954801860608974984e-02 -2.105263157895165271e-02 1.023157894736837825e+00
-9.841051603618833354e-02 -2.105263157895165271e-02 1.402105263157889414e+00
-6.315789473684629840e-02 -6.290218955592519201e-02 1.444210526315783838e+00
-8.723787006579364345e-02 -2.105263157895165271e-02 1.444210526315783838e+00
-7.084768194901736038e-02 -2.105263157895165271e-02 1.486315789473678706e+00
-6.315789473684629840e-02 -3.460564864309634281e-02 1.486315789473678706e+00
-6.315789473684629840e-02 -2.105263157895165271e-02 1.507881276983958241e+00
-7.326114052220811246e-02 2.105263157894299297e-02 9.389473684210483118e-01
-6.315789473684629840e-02 2.105263157894299297e-02 9.197651431434989977e-01
-8.886927554482326741e-02 2.105263157894299297e-02 9.810526315789429574e-01
-9.954801860608974984e-02 2.105263157894299297e-02 1.023157894736837825e+00
-9.841051603618833354e-02 2.105263157894299297e-02 1.402105263157889414e+00
-8.723787006579364345e-02 2.105263157894299297e-02 1.444210526315783838e+00
-7.084768194901736038e-02 2.105263157894299297e-02 1.486315789473678706e+00
-6.315789473684629840e-02 2.105263157894299297e-02 1.507881276983958241e+00
-6.315789473684629840e-02 3.878928736636089170e-02 9.389473684210483118e-01
-6.315789473684629840e-02 6.315789473683786071e-02 9.767119076377421827e-01
-6.503376207854039137e-02 6.315789473683786071e-02 9.810526315789429574e-01
-7.874354312294817859e-02 6.315789473683786071e-02 1.023157894736837825e+00
-8.849326685855674057e-02 6.315789473683786071e-02 1.065263157894732249e+00
-9.525355288857317859e-02 6.315789473683786071e-02 1.107368421052626672e+00
-9.954159385280014760e-02 6.315789473683786071e-02 1.149473684210521540e+00
-1.015840229235238645e-01 6.315789473683786071e-02 1.191578947368416408e+00
-1.014483000102837096e-01 6.315789473683786071e-02 1.233684210526310832e+00
-9.913105211760275814e-02 6.315789473683786071e-02 1.275789473684205255e+00
-9.455100611636924057e-02 6.315789473683786071e-02 1.317894736842100123e+00
-8.745711477179685112e-02 6.315789473683786071e-02 1.359999999999994991e+00
-7.728046618010275814e-02 6.315789473683786071e-02 1.402105263157889414e+00
-6.315789473684629840e-02 6.315789473683786071e-02 1.443679841694073485e+00
-6.315789473684629840e-02 6.290218955591653227e-02 1.444210526315783838e+00
-6.315789473684629840e-02 3.460564864308768307e-02 1.486315789473678706e+00
-6.315789473684629840e-02 6.503376207853150959e-02 9.810526315789429574e-01
-6.315789473684629840e-02 7.874370374177175336e-02 1.023157894736837825e+00
-6.315789473684629840e-02 8.849358809621277189e-02 1.065263157894732249e+00
-6.315789473684629840e-02 9.525355288856474090e-02 1.107368421052626672e+00
-6.315789473684629840e-02 9.954175447162372237e-02 1.149473684210521540e+00
-6.315789473684629840e-02 1.015841835423474393e-01 1.191578947368416408e+00
-6.315789473684629840e-02 1.014484606291072843e-01 1.233684210526310832e+00
-6.315789473684629840e-02 9.913137335525856741e-02 1.275789473684205255e+00
-6.315789473684629840e-02 9.475563450863022652e-02 1.317894736842100123e+00
-6.315789473684629840e-02 9.449992932770934218e-02 1.359999999999994991e+00
-6.315789473684629840e-02 8.408990157277518307e-02 1.402105263157889414e+00
-3.204281455592528083e-02 -2.315789473684248811e-01 1.023157894736837825e+00
-2.105263157895165271e-02 -2.432483873869282220e-01 1.023157894736837825e+00
-2.105263157895165271e-02 -2.315789473684248811e-01 1.006205540707232338e+00
-5.054867393092532524e-02 -2.315789473684248811e-01 1.065263157894732249e+00
-2.105263157895165271e-02 -2.561401367187536859e-01 1.065263157894732249e+00
-5.337845651727390894e-02 -2.315789473684248811e-01 1.107368421052626672e+00
-2.105263157895165271e-02 -2.574894955283755227e-01 1.107368421052626672e+00
-5.209366647821145335e-02 -2.315789473684248811e-01 1.149473684210521540e+00
-2.105263157895165271e-02 -2.619688335217964514e-01 1.149473684210521540e+00
-5.450037906044835623e-02 -2.315789473684248811e-01 1.191578947368416408e+00
-2.105263157895165271e-02 -2.644545705694938409e-01 1.191578947368416408e+00
-5.515281275699424057e-02 -2.315789473684248811e-01 1.233684210526310832e+00
-2.105263157895165271e-02 -2.650874087685071157e-01 1.233684210526310832e+00
-5.400727924548109904e-02 -2.315789473684248811e-01 1.275789473684205255e+00
-2.105263157895165271e-02 -2.639760870682603677e-01 1.275789473684205255e+00
-5.087649696752061246e-02 -2.315789473684248811e-01 1.317894736842100123e+00
-2.105263157895165271e-02 -2.609164589329806550e-01 1.317894736842100123e+00
-4.567180432771800191e-02 -2.315789473684248811e-01 1.359999999999994991e+00
-2.105263157895165271e-02 -2.558031584087208099e-01 1.359999999999994991e+00
-4.467596756784963929e-02 -2.315789473684248811e-01 1.402105263157889414e+00
-2.105263157895165271e-02 -2.578997160259084431e-01 1.402105263157889414e+00
-2.105263157895165271e-02 -2.315789473684248811e-01 1.443380769428448396e+00
-3.330768785979043578e-02 -1.894736842105302355e-01 1.023157894736837825e+00
-2.105263157895165271e-02 -1.894736842105302355e-01 1.004322124280423001e+00
-5.210410670230691821e-02 -1.894736842105302355e-01 1.065263157894732249e+00
-5.497308028372138722e-02 -1.894736842105302355e-01 1.107368421052626672e+00
-5.311455977590884281e-02 -1.894736842105302355e-01 1.149473684210521540e+00
-5.543148643092532524e-02 -1.894736842105302355e-01 1.191578947368416408e+00
-5.606046977796474984e-02 -1.894736842105302355e-01 1.233684210526310832e+00
-5.495653654400101118e-02 -1.894736842105302355e-01 1.275789473684205255e+00
-5.197914525082647508e-02 -1.894736842105302355e-01 1.317894736842100123e+00
-5.118022717928050191e-02 -1.894736842105302355e-01 1.359999999999994991e+00
-5.608857807360623227e-02 -1.894736842105302355e-01 1.402105263157889414e+00
-2.105263157895165271e-02 -2.271269145764840403e-01 1.444210526315783838e+00
-2.656731856497129840e-02 -1.894736842105302355e-01 1.444210526315783838e+00
-2.105263157895165271e-02 -1.894736842105302355e-01 1.449902536492593264e+00
-2.105263157895165271e-02 -1.759415475945762530e-01 1.023157894736837825e+00
-2.105263157895165271e-02 -1.626635099712210319e-01 1.065263157894732249e+00
-2.105263157895165271e-02 -1.613714920847080236e-01 1.107368421052626672e+00
-2.105263157895165271e-02 -1.568891023334744173e-01 1.149473684210521540e+00
-2.105263157895165271e-02 -1.543752569901355454e-01 1.191578947368416408e+00
-2.105263157895165271e-02 -1.537350303248394834e-01 1.233684210526310832e+00
-2.105263157895165271e-02 -1.548861854954810546e-01 1.275789473684205255e+00
-2.105263157895165271e-02 -1.524222926089677799e-01 1.317894736842100123e+00
-2.105263157895165271e-02 -1.473684210526355898e-01 1.322893676757807224e+00
-5.497452585321149776e-02 -1.473684210526355898e-01 1.359999999999994991e+00
-5.672350431743833354e-02 -1.473684210526355898e-01 1.402105263157889414e+00
-2.105263157895165271e-02 -1.473684210526355898e-01 1.440545204564139148e+00
-2.105263157895165271e-02 -1.668972617701520722e-01 1.444210526315783838e+00
-2.630759791324432939e-02 -1.052631578947409441e-01 1.065263157894732249e+00
-2.105263157895165271e-02 -1.101035670230303687e-01 1.065263157894732249e+00
-2.105263157895165271e-02 -1.052631578947409441e-01 1.054796592310850656e+00
-4.125623201069505974e-02 -1.052631578947409441e-01 1.107368421052626672e+00
-2.105263157895165271e-02 -1.207307514391489089e-01 1.107368421052626672e+00
-5.069949501439574568e-02 -1.052631578947409441e-01 1.149473684210521540e+00
-2.105263157895165271e-02 -1.286561664782113201e-01 1.149473684210521540e+00
-5.517144454153388722e-02 -1.052631578947409441e-01 1.191578947368416408e+00
-2.105263157895165271e-02 -1.334528872841322933e-01 1.191578947368416408e+00
-5.487510279605678498e-02 -1.052631578947409441e-01 1.233684210526310832e+00
-2.105263157895165271e-02 -1.343937924033757891e-01 1.233684210526310832e+00
-4.979858398437930767e-02 -1.052631578947409441e-01 1.275789473684205255e+00
-2.105263157895165271e-02 -1.309994346217144834e-01 1.275789473684205255e+00
-4.147130062706017029e-02 -1.052631578947409441e-01 1.317894736842100123e+00
-2.105263157895165271e-02 -1.332704242907112313e-01 1.317894736842100123e+00
-5.618382504112262588e-02 -1.052631578947409441e-01 1.359999999999994991e+00
-4.885382401316218370e-02 -1.052631578947409441e-01 1.402105263157889414e+00
-2.105263157895165271e-02 -1.052631578947409441e-01 1.429783421566606538e+00
-3.878928736636932939e-02 -6.315789473684629840e-02 9.389473684210483118e-01
-2.105263157895165271e-02 -7.326114052220811246e-02 9.389473684210483118e-01
-2.105263157895165271e-02 -6.315789473684629840e-02 9.197651431434989977e-01
-2.105263157895165271e-02 -8.886943616365550191e-02 9.810526315789429574e-01
-2.105263157895165271e-02 -9.954833984375421885e-02 1.023157894736837825e+00
-6.290218955592519201e-02 -6.315789473684629840e-02 1.444210526315783838e+00
-2.105263157895165271e-02 -9.140608938117189552e-02 1.444210526315783838e+00
-3.479116339432986038e-02 -6.315789473684629840e-02 1.486315789473678706e+00
-2.105263157895165271e-02 -7.108571905839222715e-02 1.486315789473678706e+00
-2.789113898026740479e-02 -6.315789473684629840e-02 1.528421052631573573e+00
-2.105263157895165271e-02 -6.874325400905023642e-02 1.528421052631573573e+00
-3.802056563528388722e-02 -6.315789473684629840e-02 1.570526315789467997e+00
-2.105263157895165271e-02 -7.868186549136924057e-02 1.570526315789467997e+00
-3.629969546669831182e-02 -6.315789473684629840e-02 1.612631578947362421e+00
-2.105263157895165271e-02 -7.789162083676393067e-02 1.612631578947362421e+00
-2.401637027138581182e-02 -6.315789473684629840e-02 1.654736842105257288e+00
-2.105263157895165271e-02 -6.617126464844158562e-02 1.654736842105257288e+00
-2.105263157895165271e-02 -6.315789473684629840e-02 1.660263736122526979e+00
-4.873753597862262588e-02 -2.105263157895165271e-02 8.968421052631536661e-01
-2.105263157895165271e-02 -4.873753597862262588e-02 8.968421052631536661e-01
-2.105263157895165271e-02 -2.105263157895165271e-02 8.713650673314103923e-01
-5.599060058594163003e-02 -2.105263157895165271e-02 1.528421052631573573e+00
-6.059168765419831182e-02 -2.105263157895165271e-02 1.570526315789467997e+00
-5.782583136307994920e-02 -2.105263157895165271e-02 1.612631578947362421e+00
-4.633114463405019201e-02 -2.105263157895165271e-02 1.654736842105257288e+00
-2.105263157895165271e-02 -2.775268554687926326e-02 1.696842105263152156e+00
-2.446096319901736038e-02 -2.105263157895165271e-02 1.696842105263152156e+00
-2.105263157895165271e-02 -2.105263157895165271e-02 1.701311806126638793e+00
-4.873753597862262588e-02 2.105263157894299297e-02 8.968421052631536661e-01
-2.105263157895165271e-02 2.105263157894299297e-02 8.713650673314103923e-01
-5.599060058594163003e-02 2.105263157894299297e-02 1.528421052631573573e+00
-6.059168765419831182e-02 2.105263157894299297e-02 1.570526315789467997e+00
-5.782583136307994920e-02 2.105263157894299297e-02 1.612631578947362421e+00
-4.633114463405019201e-02 2.105263157894299297e-02 1.654736842105257288e+00
-2.446096319901736038e-02 2.105263157894299297e-02 1.696842105263152156e+00
-2.105263157895165271e-02 2.105263157894299297e-02 1.701311806126638793e+00
-2.105263157895165271e-02 4.873753597861396614e-02 8.968421052631536661e-01
-3.878928736636932939e-02 6.315789473683786071e-02 9.389473684210483118e-01
-2.105263157895165271e-02 6.315789473683786071e-02 9.197651431434989977e-01
-6.290218955592519201e-02 6.315789473683786071e-02 1.444210526315783838e+00
-3.479116339432986038e-02 6.315789473683786071e-02 1.486315789473678706e+00
-2.789113898026740479e-02 6.315789473683786071e-02 1.528421052631573573e+00
-3.802056563528388722e-02 6.315789473683786071e-02 1.570526315789467997e+00
-3.629969546669831182e-02 6.315789473683786071e-02 1.612631578947362421e+00
-2.401637027138581182e-02 6.315789473683786071e-02 1.654736842105257288e+00
-2.105263157895165271e-02 6.315789473683786071e-02 1.660263736122526979e+00
-2.105263157895165271e-02 2.775268554687082556e-02 1.696842105263152156e+00
-2.105263157895165271e-02 7.326114052219967476e-02 9.389473684210483118e-01
-2.105263157895165271e-02 8.886943616364684218e-02 9.810526315789429574e-01
-2.105263157895165271e-02 9.954833984374555911e-02 1.023157894736837825e+00
-2.630759791324432939e-02 1.052631578947322843e-01 1.065263157894732249e+00
-2.105263157895165271e-02 1.052631578947322843e-01 1.054796592310850656e+00
-4.125623201069505974e-02 1.052631578947322843e-01 1.107368421052626672e+00
-5.069949501439574568e-02 1.052631578947322843e-01 1.149473684210521540e+00
-5.517144454153388722e-02 1.052631578947322843e-01 1.191578947368416408e+00
-5.487510279605678498e-02 1.052631578947322843e-01 1.233684210526310832e+00
-4.979858398437930767e-02 1.052631578947322843e-01 1.275789473684205255e+00
-4.147130062706017029e-02 1.052631578947322843e-01 1.317894736842100123e+00
-5.618382504112262588e-02 1.052631578947322843e-01 1.359999999999994991e+00
-4.885382401316218370e-02 1.052631578947322843e-01 1.402105263157889414e+00
-2.105263157895165271e-02 1.052631578947322843e-01 1.429783421566606538e+00
-2.105263157895165271e-02 9.140608938116301374e-02 1.444210526315783838e+00
-2.105263157895165271e-02 7.108571905838356741e-02 1.486315789473678706e+00
-2.105263157895165271e-02 6.874325400904135464e-02 1.528421052631573573e+00
-2.105263157895165271e-02 7.868186549136080288e-02 1.570526315789467997e+00
-2.105263157895165271e-02 7.789162083675549297e-02 1.612631578947362421e+00
-2.105263157895165271e-02 6.617126464843314793e-02 1.654736842105257288e+00
-2.105263157895165271e-02 1.101035670230219310e-01 1.065263157894732249e+00
-2.105263157895165271e-02 1.207307514391402492e-01 1.107368421052626672e+00
-2.105263157895165271e-02 1.286561664782026604e-01 1.149473684210521540e+00
-2.105263157895165271e-02 1.334528872841236335e-01 1.191578947368416408e+00
-2.105263157895165271e-02 1.343937924033671294e-01 1.233684210526310832e+00
-2.105263157895165271e-02 1.309994346217058236e-01 1.275789473684205255e+00
-2.105263157895165271e-02 1.332704242907025716e-01 1.317894736842100123e+00
-2.105263157895165271e-02 1.473684210526267080e-01 1.322893676757807224e+00
-5.497452585321149776e-02 1.473684210526267080e-01 1.359999999999994991e+00
-5.672350431743833354e-02 1.473684210526267080e-01 1.402105263157889414e+00
-2.105263157895165271e-02 1.473684210526267080e-01 1.440545204564139148e+00
-3.330768785979043578e-02 1.894736842105215757e-01 1.023157894736837825e+00
-2.105263157895165271e-02 1.759415475945678153e-01 1.023157894736837825e+00
-2.105263157895165271e-02 1.894736842105215757e-01 1.004322124280423001e+00
-5.210410670230691821e-02 1.894736842105215757e-01 1.065263157894732249e+00
-2.105263157895165271e-02 1.626635099712125943e-01 1.065263157894732249e+00
-5.497308028372138722e-02 1.894736842105215757e-01 1.107368421052626672e+00
-2.105263157895165271e-02 1.613714920846991419e-01 1.107368421052626672e+00
-5.311455977590884281e-02 1.894736842105215757e-01 1.149473684210521540e+00
-2.105263157895165271e-02 1.568891023334657575e-01 1.149473684210521540e+00
-5.543148643092532524e-02 1.894736842105215757e-01 1.191578947368416408e+00
-2.105263157895165271e-02 1.543752569901268856e-01 1.191578947368416408e+00
-5.606046977796474984e-02 1.894736842105215757e-01 1.233684210526310832e+00
-2.105263157895165271e-02 1.537350303248308236e-01 1.233684210526310832e+00
-5.495653654400101118e-02 1.894736842105215757e-01 1.275789473684205255e+00
-2.105263157895165271e-02 1.548861854954721728e-01 1.275789473684205255e+00
-5.197914525082647508e-02 1.894736842105215757e-01 1.317894736842100123e+00
-2.105263157895165271e-02 1.524222926089593422e-01 1.317894736842100123e+00
-5.118022717928050191e-02 1.894736842105215757e-01 1.359999999999994991e+00
-5.608857807360623227e-02 1.894736842105215757e-01 1.402105263157889414e+00
-2.105263157895165271e-02 1.668972617701434125e-01 1.444210526315783838e+00
-2.656731856497129840e-02 1.894736842105215757e-01 1.444210526315783838e+00
-2.105263157895165271e-02 1.894736842105215757e-01 1.449902536492593264e+00
-3.204281455592528083e-02 2.315789473684164435e-01 1.023157894736837825e+00
-2.105263157895165271e-02 2.315789473684164435e-01 1.006205540707232338e+00
-5.054867393092532524e-02 2.315789473684164435e-01 1.065263157894732249e+00
-5.337845651727390894e-02 2.315789473684164435e-01 1.107368421052626672e+00
-5.209366647821145335e-02 2.315789473684164435e-01 1.149473684210521540e+00
-5.450037906044835623e-02 2.315789473684164435e-01 1.191578947368416408e+00
-5.515281275699424057e-02 2.315789473684164435e-01 1.233684210526310832e+00
-5.400727924548109904e-02 2.315789473684164435e-01 1.275789473684205255e+00
-5.087649696752061246e-02 2.315789473684164435e-01 1.317894736842100123e+00
-4.567180432771800191e-02 2.315789473684164435e-01 1.359999999999994991e+00
-4.467596756784963929e-02 2.315789473684164435e-01 1.402105263157889414e+00
-2.105263157895165271e-02 2.315789473684164435e-01 1.443380769428448396e+00
-2.105263157895165271e-02 2.271269145764756026e-01 1.444210526315783838e+00
-2.105263157895165271e-02 2.432483873869193403e-01 1.023157894736837825e+00
-2.105263157895165271e-02 2.561401367187450262e-01 1.065263157894732249e+00
-2.105263157895165271e-02 2.574894955283668629e-01 1.107368421052626672e+00
-2.105263157895165271e-02 2.619688335217880137e-01 1.149473684210521540e+00
-2.105263157895165271e-02 2.644545705694851812e-01 1.191578947368416408e+00
-2.105263157895165271e-02 2.650874087684984559e-01 1.233684210526310832e+00
-2.105263157895165271e-02 2.639760870682517080e-01 1.275789473684205255e+00
-2.105263157895165271e-02 2.609164589329719952e-01 1.317894736842100123e+00
-2.105263157895165271e-02 2.558031584087121502e-01 1.359999999999994991e+00
-2.105263157895165271e-02 2.578997160258995613e-01 1.402105263157889414e+00
-1.970632452718223959e-03 -2.315789473684248811e-01 9.810526315789429574e-01
2.105263157894299297e-02 -2.518805252878326684e-01 9.810526315789429574e-01
2.105263157894299297e-02 -2.315789473684248811e-01 9.563897705078081568e-01
2.105263157894299297e-02 -2.650340833162043719e-01 1.023157894736837825e+00
2.105263157894299297e-02 -2.573320890727834875e-01 1.065263157894732249e+00
2.105263157894299297e-02 -2.572088944284576240e-01 1.107368421052626672e+00
2.105263157894299297e-02 -2.619654605263195268e-01 1.149473684210521540e+00
2.105263157894299297e-02 -2.644545705694938409e-01 1.191578947368416408e+00
2.105263157894299297e-02 -2.650874087685071157e-01 1.233684210526310832e+00
2.105263157894299297e-02 -2.639760870682603677e-01 1.275789473684205255e+00
2.105263157894299297e-02 -2.609164589329806550e-01 1.317894736842100123e+00
2.105263157894299297e-02 -2.558031584087208099e-01 1.359999999999994991e+00
2.105263157894299297e-02 -2.578997160259084431e-01 1.402105263157889414e+00
2.105263157894299297e-02 -2.315789473684248811e-01 1.443380769428448396e+00
-3.250925164478113416e-03 -1.894736842105302355e-01 9.810526315789429574e-01
2.105263157894299297e-02 -1.894736842105302355e-01 9.551016074732687766e-01
2.105263157894299297e-02 -2.271269145764840403e-01 1.444210526315783838e+00
2.105263157894299297e-02 -1.894736842105302355e-01 1.449902536492593264e+00
2.105263157894299297e-02 -1.672380949321585764e-01 9.810526315789429574e-01
2.105263157894299297e-02 -1.539916992187539968e-01 1.023157894736837825e+00
2.105263157894299297e-02 -1.615984464946584875e-01 1.065263157894732249e+00
2.105263157894299297e-02 -1.616475958573231342e-01 1.107368421052626672e+00
2.105263157894299297e-02 -1.568923147101191073e-01 1.149473684210521540e+00
2.105263157894299297e-02 -1.543752569901355454e-01 1.191578947368416408e+00
2.105263157894299297e-02 -1.537350303248394834e-01 1.233684210526310832e+00
2.105263157894299297e-02 -1.548861854954810546e-01 1.275789473684205255e+00
2.105263157894299297e-02 -1.524222926089677799e-01 1.317894736842100123e+00
2.105263157894299297e-02 -1.473684210526355898e-01 1.322893676757807224e+00
2.105263157894299297e-02 -1.473684210526355898e-01 1.440545204564139148e+00
2.105263157894299297e-02 -1.668972617701520722e-01 1.444210526315783838e+00
2.105263157894299297e-02 -1.107701351768133335e-01 1.065263157894732249e+00
2.105263157894299297e-02 -1.052631578947409441e-01 1.054793540553037978e+00
2.105263157894299297e-02 -1.204912687602837096e-01 1.107368421052626672e+00
2.105263157894299297e-02 -1.286516691509087540e-01 1.149473684210521540e+00
2.105263157894299297e-02 -1.334528872841322933e-01 1.191578947368416408e+00
2.105263157894299297e-02 -1.343937924033757891e-01 1.233684210526310832e+00
2.105263157894299297e-02 -1.309994346217144834e-01 1.275789473684205255e+00
2.105263157894299297e-02 -1.332704242907112313e-01 1.317894736842100123e+00
2.105263157894299297e-02 -1.052631578947409441e-01 1.429783903423103020e+00
2.105263157894299297e-02 -7.326354980469163003e-02 9.389473684210483118e-01
2.105263157894299297e-02 -6.315789473684629840e-02 9.197651431434989977e-01
2.105263157894299297e-02 -8.887441534745477156e-02 9.810526315789429574e-01
2.105263157894299297e-02 -9.955010665090879840e-02 1.023157894736837825e+00
2.105263157894299297e-02 -9.140657123766859904e-02 1.444210526315783838e+00
2.105263157894299297e-02 -7.229148463199419616e-02 1.486315789473678706e+00
2.105263157894299297e-02 -8.470924778988897508e-02 1.528421052631573573e+00
2.105263157894299297e-02 -9.603319670025078914e-02 1.570526315789467997e+00
2.105263157894299297e-02 -9.780369808799749265e-02 1.612631578947362421e+00
2.105263157894299297e-02 -9.061616596423105463e-02 1.654736842105257288e+00
7.329037314962594252e-03 -6.315789473684629840e-02 1.696842105263152156e+00
2.105263157894299297e-02 -7.194085372122138722e-02 1.696842105263152156e+00
2.105263157894299297e-02 -6.315789473684629840e-02 1.708484400699007200e+00
2.105263157894299297e-02 -4.873753597862262588e-02 8.968421052631536661e-01
2.105263157894299297e-02 -2.105263157895165271e-02 8.713650673314103923e-01
1.999158357318631118e-02 -2.105263157895165271e-02 1.738947368421046580e+00
2.105263157894299297e-02 -2.238030684622138722e-02 1.738947368421046580e+00
2.105263157894299297e-02 -2.105263157895165271e-02 1.739651842619237332e+00
2.105263157894299297e-02 2.105263157894299297e-02 8.713650673314103923e-01
1.999158357318631118e-02 2.105263157894299297e-02 1.738947368421046580e+00
2.105263157894299297e-02 2.105263157894299297e-02 1.739651842619237332e+00
2.105263157894299297e-02 4.873753597861396614e-02 8.968421052631536661e-01
2.105263157894299297e-02 6.315789473683786071e-02 9.197651431434989977e-01
7.329037314962594252e-03 6.315789473683786071e-02 1.696842105263152156e+00
2.105263157894299297e-02 6.315789473683786071e-02 1.708484400699007200e+00
2.105263157894299297e-02 2.238030684621250543e-02 1.738947368421046580e+00
2.105263157894299297e-02 7.326354980468297029e-02 9.389473684210483118e-01
2.105263157894299297e-02 8.887441534744633387e-02 9.810526315789429574e-01
2.105263157894299297e-02 9.955010665089991662e-02 1.023157894736837825e+00
2.105263157894299297e-02 1.052631578947322843e-01 1.054793540553037978e+00
2.105263157894299297e-02 1.052631578947322843e-01 1.429783903423103020e+00
2.105263157894299297e-02 9.140657123765993930e-02 1.444210526315783838e+00
2.105263157894299297e-02 7.229148463198553642e-02 1.486315789473678706e+00
2.105263157894299297e-02 8.470924778988031534e-02 1.528421052631573573e+00
2.105263157894299297e-02 9.603319670024212940e-02 1.570526315789467997e+00
2.105263157894299297e-02 9.780369808798905495e-02 1.612631578947362421e+00
2.105263157894299297e-02 9.061616596422261694e-02 1.654736842105257288e+00
2.105263157894299297e-02 7.194085372121250543e-02 1.696842105263152156e+00
2.105263157894299297e-02 1.107701351768044518e-01 1.065263157894732249e+00
2.105263157894299297e-02 1.204912687602748278e-01 1.107368421052626672e+00
2.105263157894299297e-02 1.286516691509000943e-01 1.149473684210521540e+00
2.105263157894299297e-02 1.334528872841236335e-01 1.191578947368416408e+00
2.105263157894299297e-02 1.343937924033671294e-01 1.233684210526310832e+00
2.105263157894299297e-02 1.309994346217058236e-01 1.275789473684205255e+00
2.105263157894299297e-02 1.332704242907025716e-01 1.317894736842100123e+00
2.105263157894299297e-02 1.473684210526267080e-01 1.322893676757807224e+00
2.105263157894299297e-02 1.473684210526267080e-01 1.440545204564139148e+00
-3.250925164478113416e-03 1.894736842105215757e-01 9.810526315789429574e-01
2.105263157894299297e-02 1.672380949321499166e-01 9.810526315789429574e-01
2.105263157894299297e-02 1.894736842105215757e-01 9.551016074732687766e-01
2.105263157894299297e-02 1.539916992187451150e-01 1.023157894736837825e+00
2.105263157894299297e-02 1.615984464946498278e-01 1.065263157894732249e+00
2.105263157894299297e-02 1.616475958573144744e-01 1.107368421052626672e+00
2.105263157894299297e-02 1.568923147101104476e-01 1.149473684210521540e+00
2.105263157894299297e-02 1.543752569901268856e-01 1.191578947368416408e+00
2.105263157894299297e-02 1.537350303248308236e-01 1.233684210526310832e+00
2.105263157894299297e-02 1.548861854954721728e-01 1.275789473684205255e+00
2.105263157894299297e-02 1.524222926089593422e-01 1.317894736842100123e+00
2.105263157894299297e-02 1.668972617701434125e-01 1.444210526315783838e+00
2.105263157894299297e-02 1.894736842105215757e-01 1.449902536492593264e+00
-1.970632452718223959e-03 2.315789473684164435e-01 9.810526315789429574e-01
2.105263157894299297e-02 2.315789473684164435e-01 9.563897705078081568e-01
2.105263157894299297e-02 2.315789473684164435e-01 1.443380769428448396e+00
2.105263157894299297e-02 2.271269145764756026e-01 1.444210526315783838e+00
2.105263157894299297e-02 2.518805252878242307e-01 9.810526315789429574e-01
2.105263157894299297e-02 2.650340833161957121e-01 1.023157894736837825e+00
2.105263157894299297e-02 2.573320890727748278e-01 1.065263157894732249e+00
2.105263157894299297e-02 2.572088944284489642e-01 1.107368421052626672e+00
2.105263157894299297e-02 2.619654605263108671e-01 1.149473684210521540e+00
2.105263157894299297e-02 2.644545705694851812e-01 1.191578947368416408e+00
2.105263157894299297e-02 2.650874087684984559e-01 1.233684210526310832e+00
2.105263157894299297e-02 2.639760870682517080e-01 1.275789473684205255e+00
2.105263157894299297e-02 2.609164589329719952e-01 1.317894736842100123e+00
2.105263157894299297e-02 2.558031584087121502e-01 1.359999999999994991e+00
2.105263157894299297e-02 2.578997160258995613e-01 1.402105263157889414e+00
3.697975560238031534e-02 -2.315789473684248811e-01 9.389473684210483118e-01
6.315789473683786071e-02 -2.549036929481944824e-01 9.389473684210483118e-01
6.315789473683786071e-02 -2.315789473684248811e-01 9.128725071957193293e-01
6.315789473683786071e-02 -2.687829268606123367e-01 9.810526315789429574e-01
6.315789473683786071e-02 -2.627116956208919163e-01 1.023157894736837825e+00
6.152102821751181949e-02 -2.315789473684248811e-01 1.065263157894732249e+00
6.315789473683786071e-02 -2.315789473684248811e-01 1.063909944233136784e+00
4.718290630139376773e-02 -2.315789473684248811e-01 1.107368421052626672e+00
5.194637900904153227e-02 -2.315789473684248811e-01 1.149473684210521540e+00
5.449973658511053642e-02 -2.315789473684248811e-01 1.191578947368416408e+00
5.515281275698580288e-02 -2.315789473684248811e-01 1.233684210526310832e+00
5.400727924547243930e-02 -2.315789473684248811e-01 1.275789473684205255e+00
5.087649696751217476e-02 -2.315789473684248811e-01 1.317894736842100123e+00
4.567180432770934218e-02 -2.315789473684248811e-01 1.359999999999994991e+00
4.467596756784075751e-02 -2.315789473684248811e-01 1.402105263157889414e+00
3.582924290706790416e-02 -1.894736842105302355e-01 9.389473684210483118e-01
6.315789473683786071e-02 -1.894736842105302355e-01 9.117174971731043520e-01
6.288741262335095783e-02 -1.894736842105302355e-01 1.065263157894732249e+00
6.315789473683786071e-02 -1.894736842105302355e-01 1.065036364103614019e+00
4.838899311266020575e-02 -1.894736842105302355e-01 1.107368421052626672e+00
5.297321520353159841e-02 -1.894736842105302355e-01 1.149473684210521540e+00
5.543084395558750543e-02 -1.894736842105302355e-01 1.191578947368416408e+00
5.606046977795609010e-02 -1.894736842105302355e-01 1.233684210526310832e+00
5.495653654399212940e-02 -1.894736842105302355e-01 1.275789473684205255e+00
5.197914525081781534e-02 -1.894736842105302355e-01 1.317894736842100123e+00
5.118022717927184218e-02 -1.894736842105302355e-01 1.359999999999994991e+00
5.608857807359735048e-02 -1.894736842105302355e-01 1.402105263157889414e+00
2.656731856496286071e-02 -1.894736842105302355e-01 1.444210526315783838e+00
6.315789473683786071e-02 -1.641527677837211208e-01 9.389473684210483118e-01
6.315789473683786071e-02 -1.502182809930139307e-01 9.810526315789429574e-01
6.315789473683786071e-02 -1.562533729954809214e-01 1.023157894736837825e+00
5.497452585320283802e-02 -1.473684210526355898e-01 1.359999999999994991e+00
5.672350431742989585e-02 -1.473684210526355898e-01 1.402105263157889414e+00
2.630807976973237317e-02 -1.052631578947409441e-01 1.065263157894732249e+00
4.125607139185394345e-02 -1.052631578947409441e-01 1.107368421052626672e+00
5.069933439555462940e-02 -1.052631578947409441e-01 1.149473684210521540e+00
5.517144454152500543e-02 -1.052631578947409441e-01 1.191578947368416408e+00
5.487510279604812524e-02 -1.052631578947409441e-01 1.233684210526310832e+00
4.979858398437064793e-02 -1.052631578947409441e-01 1.275789473684205255e+00
4.147130062705128850e-02 -1.052631578947409441e-01 1.317894736842100123e+00
5.618382504111396614e-02 -1.052631578947409441e-01 1.359999999999994991e+00
4.885382401315352396e-02 -1.052631578947409441e-01 1.402105263157889414e+00
3.878928736636089170e-02 -6.315789473684629840e-02 9.389473684210483118e-01
6.315789473683786071e-02 -6.315789473684629840e-02 9.767119076377421827e-01
6.315789473683786071e-02 -6.506411903783315687e-02 9.810526315789429574e-01
6.315789473683786071e-02 -7.876683285362262588e-02 1.023157894736837825e+00
6.315789473683786071e-02 -8.849423057155014760e-02 1.065263157894732249e+00
6.315789473683786071e-02 -9.525355288857317859e-02 1.107368421052626672e+00
6.315789473683786071e-02 -9.954175447163238211e-02 1.149473684210521540e+00
6.315789473683786071e-02 -1.015841835423560990e-01 1.191578947368416408e+00
6.315789473683786071e-02 -1.014484606291159441e-01 1.233684210526310832e+00
6.315789473683786071e-02 -9.913137335526722715e-02 1.275789473684205255e+00
6.315789473683786071e-02 -9.475563450863888626e-02 1.317894736842100123e+00
6.315789473683786071e-02 -9.449992932771800191e-02 1.359999999999994991e+00
6.315789473683786071e-02 -8.408990157278384281e-02 1.402105263157889414e+00
6.290861430920591246e-02 -6.315789473684629840e-02 1.444210526315783838e+00
6.315789473683786071e-02 -6.315789473684629840e-02 1.443693173057149171e+00
4.178482858757792684e-02 -6.315789473684629840e-02 1.486315789473678706e+00
6.315789473683786071e-02 -6.315789473684629840e-02 1.502469867907066714e+00
6.315789473683786071e-02 -7.821189478824419616e-02 1.528421052631573573e+00
6.315789473683786071e-02 -9.305869654605669616e-02 1.570526315789467997e+00
6.315789473683786071e-02 -9.747667814556337795e-02 1.612631578947362421e+00
6.315789473683786071e-02 -9.300055252878691725e-02 1.654736842105257288e+00
6.315789473683786071e-02 -7.787250719572780255e-02 1.696842105263152156e+00
6.315789473683786071e-02 -6.315789473684629840e-02 1.718038972553447952e+00
4.873753597861396614e-02 -2.105263157895165271e-02 8.968421052631536661e-01
6.315789473683786071e-02 -2.105263157895165271e-02 9.197651431434989977e-01
6.315789473683786071e-02 -3.878928736636932939e-02 9.389473684210483118e-01
6.315789473683786071e-02 -6.290861430921479425e-02 1.444210526315783838e+00
6.315789473683786071e-02 -4.716539884868842236e-02 1.486315789473678706e+00
6.315789473683786071e-02 -3.994831285979039137e-02 1.738947368421046580e+00
6.315789473683786071e-02 -2.105263157895165271e-02 1.749895790501638793e+00
4.873753597861396614e-02 2.105263157894299297e-02 8.968421052631536661e-01
6.315789473683786071e-02 2.105263157894299297e-02 9.197651431434989977e-01
6.315789473683786071e-02 2.105263157894299297e-02 1.749895790501638793e+00
6.315789473683786071e-02 3.878928736636089170e-02 9.389473684210483118e-01
3.878928736636089170e-02 6.315789473683786071e-02 9.389473684210483118e-01
6.315789473683786071e-02 6.315789473683786071e-02 9.767119076377421827e-01
6.290861430920591246e-02 6.315789473683786071e-02 1.444210526315783838e+00
6.315789473683786071e-02 6.315789473683786071e-02 1.443693173057149171e+00
6.315789473683786071e-02 6.290861430920591246e-02 1.444210526315783838e+00
6.315789473683786071e-02 4.716539884867998467e-02 1.486315789473678706e+00
4.178482858757792684e-02 6.315789473683786071e-02 1.486315789473678706e+00
6.315789473683786071e-02 6.315789473683786071e-02 1.502469867907066714e+00
6.315789473683786071e-02 6.315789473683786071e-02 1.718038972553447952e+00
6.315789473683786071e-02 3.994831285978195368e-02 1.738947368421046580e+00
6.315789473683786071e-02 6.506411903782449713e-02 9.810526315789429574e-01
6.315789473683786071e-02 7.876683285361396614e-02 1.023157894736837825e+00
6.315789473683786071e-02 8.849423057154170991e-02 1.065263157894732249e+00
2.630807976973237317e-02 1.052631578947322843e-01 1.065263157894732249e+00
6.315789473683786071e-02 9.525355288856474090e-02 1.107368421052626672e+00
4.125607139185394345e-02 1.052631578947322843e-01 1.107368421052626672e+00
6.315789473683786071e-02 9.954175447162372237e-02 1.149473684210521540e+00
5.069933439555462940e-02 1.052631578947322843e-01 1.149473684210521540e+00
6.315789473683786071e-02 1.015841835423474393e-01 1.191578947368416408e+00
5.517144454152500543e-02 1.052631578947322843e-01 1.191578947368416408e+00
6.315789473683786071e-02 1.014484606291072843e-01 1.233684210526310832e+00
5.487510279604812524e-02 1.052631578947322843e-01 1.233684210526310832e+00
6.315789473683786071e-02 9.913137335525856741e-02 1.275789473684205255e+00
4.979858398437064793e-02 1.052631578947322843e-01 1.275789473684205255e+00
6.315789473683786071e-02 9.475563450863022652e-02 1.317894736842100123e+00
4.147130062705128850e-02 1.052631578947322843e-01 1.317894736842100123e+00
6.315789473683786071e-02 9.449992932770934218e-02 1.359999999999994991e+00
5.618382504111396614e-02 1.052631578947322843e-01 1.359999999999994991e+00
6.315789473683786071e-02 8.408990157277518307e-02 1.402105263157889414e+00
4.885382401315352396e-02 1.052631578947322843e-01 1.402105263157889414e+00
6.315789473683786071e-02 7.821189478823553642e-02 1.528421052631573573e+00
6.315789473683786071e-02 9.305869654604803642e-02 1.570526315789467997e+00
6.315789473683786071e-02 9.747667814555471821e-02 1.612631578947362421e+00
6.315789473683786071e-02 9.300055252877825751e-02 1.654736842105257288e+00
6.315789473683786071e-02 7.787250719571936486e-02 1.696842105263152156e+00
5.497452585320283802e-02 1.473684210526267080e-01 1.359999999999994991e+00
5.672350431742989585e-02 1.473684210526267080e-01 1.402105263157889414e+00
3.582924290706790416e-02 1.894736842105215757e-01 9.389473684210483118e-01
6.315789473683786071e-02 1.641527677837122390e-01 9.389473684210483118e-01
6.315789473683786071e-02 1.894736842105215757e-01 9.117174971731043520e-01
6.315789473683786071e-02 1.502182809930050489e-01 9.810526315789429574e-01
6.315789473683786071e-02 1.562533729954722617e-01 1.023157894736837825e+00
6.288741262335095783e-02 1.894736842105215757e-01 1.065263157894732249e+00
6.315789473683786071e-02 1.894736842105215757e-01 1.065036364103614019e+00
4.838899311266020575e-02 1.894736842105215757e-01 1.107368421052626672e+00
5.297321520353159841e-02 1.894736842105215757e-01 1.149473684210521540e+00
5.543084395558750543e-02 1.894736842105215757e-01 1.191578947368416408e+00
5.606046977795609010e-02 1.894736842105215757e-01 1.233684210526310832e+00
5.495653654399212940e-02 1.894736842105215757e-01 1.275789473684205255e+00
5.197914525081781534e-02 1.894736842105215757e-01 1.317894736842100123e+00
5.118022717927184218e-02 1.894736842105215757e-01 1.359999999999994991e+00
5.608857807359735048e-02 1.894736842105215757e-01 1.402105263157889414e+00
2.656731856496286071e-02 1.894736842105215757e-01 1.444210526315783838e+00
3.697975560238031534e-02 2.315789473684164435e-01 9.389473684210483118e-01
6.315789473683786071e-02 2.315789473684164435e-01 9.128725071957193293e-01
6.152102821751181949e-02 2.315789473684164435e-01 1.065263157894732249e+00
6.315789473683786071e-02 2.315789473684164435e-01 1.063909944233136784e+00
4.718290630139376773e-02 2.315789473684164435e-01 1.107368421052626672e+00
5.194637900904153227e-02 2.315789473684164435e-01 1.149473684210521540e+00
5.449973658511053642e-02 2.315789473684164435e-01 1.191578947368416408e+00
5.515281275698580288e-02 2.315789473684164435e-01 1.233684210526310832e+00
5.400727924547243930e-02 2.315789473684164435e-01 1.275789473684205255e+00
5.087649696751217476e-02 2.315789473684164435e-01 1.317894736842100123e+00
4.567180432770934218e-02 2.315789473684164435e-01 1.359999999999994991e+00
4.467596756784075751e-02 2.315789473684164435e-01 1.402105263157889414e+00
6.315789473683786071e-02 2.549036929481860447e-01 9.389473684210483118e-01
6.315789473683786071e-02 2.687829268606036770e-01 9.810526315789429574e-01
6.315789473683786071e-02 2.627116956208834786e-01 1.023157894736837825e+00
8.091398540295591246e-02 -2.315789473684248811e-01 8.968421052631536661e-01
1.052631578947322843e-01 -2.510687577097077128e-01 8.968421052631536661e-01
1.052631578947322843e-01 -2.315789473684248811e-01 8.768214496813280245e-01
1.052631578947322843e-01 -2.682371440686714958e-01 9.389473684210483118e-01
1.052631578947322843e-01 -2.641155042146419163e-01 9.810526315789429574e-01
1.052631578947322843e-01 -2.361623663651353233e-01 1.023157894736837825e+00
1.052631578947322843e-01 -2.315789473684248811e-01 1.027231348941195943e+00
7.956189607318631118e-02 -1.894736842105302355e-01 8.968421052631536661e-01
1.052631578947322843e-01 -1.894736842105302355e-01 8.756498959189924491e-01
1.052631578947322843e-01 -1.894736842105302355e-01 1.028289184570307935e+00
1.052631578947322843e-01 -1.680656031558427355e-01 8.968421052631536661e-01
1.052631578947322843e-01 -1.508034153988526693e-01 9.389473684210483118e-01
1.052631578947322843e-01 -1.548111765008264307e-01 9.810526315789429574e-01
1.052631578947322843e-01 -1.834605969880795939e-01 1.023157894736837825e+00
6.503376207853150959e-02 -6.315789473684629840e-02 9.810526315789429574e-01
7.874354312293974090e-02 -6.315789473684629840e-02 1.023157894736837825e+00
8.849326685854830288e-02 -6.315789473684629840e-02 1.065263157894732249e+00
9.525355288856474090e-02 -6.315789473684629840e-02 1.107368421052626672e+00
9.954159385279170991e-02 -6.315789473684629840e-02 1.149473684210521540e+00
1.015840229235149828e-01 -6.315789473684629840e-02 1.191578947368416408e+00
1.014483000102752719e-01 -6.315789473684629840e-02 1.233684210526310832e+00
9.913105211759409841e-02 -6.315789473684629840e-02 1.275789473684205255e+00
9.455100611636080288e-02 -6.315789473684629840e-02 1.317894736842100123e+00
8.745711477178819138e-02 -6.315789473684629840e-02 1.359999999999994991e+00
7.728046618009409841e-02 -6.315789473684629840e-02 1.402105263157889414e+00
8.591147974917312524e-02 -6.315789473684629840e-02 1.528421052631573573e+00
1.052631578947322843e-01 -6.315789473684629840e-02 1.559424181486425365e+00
1.052631578947322843e-01 -6.830910130551415271e-02 1.570526315789467997e+00
1.052631578947322843e-01 -7.668746145148452875e-02 1.612631578947362421e+00
1.052631578947322843e-01 -7.419369346217519201e-02 1.654736842105257288e+00
9.780964098478150959e-02 -6.315789473684629840e-02 1.696842105263152156e+00
1.052631578947322843e-01 -6.315789473684629840e-02 1.686801179584698218e+00
7.326114052219967476e-02 -2.105263157895165271e-02 9.389473684210483118e-01
8.886927554481438563e-02 -2.105263157895165271e-02 9.810526315789429574e-01
9.954801860608109010e-02 -2.105263157895165271e-02 1.023157894736837825e+00
1.052631578947322843e-01 -2.105263157895165271e-02 1.054797716642676519e+00
1.052631578947322843e-01 -2.630711605674762588e-02 1.065263157894732249e+00
1.052631578947322843e-01 -4.125591077303059073e-02 1.107368421052626672e+00
1.052631578947322843e-01 -5.069917377673127667e-02 1.149473684210521540e+00
1.052631578947322843e-01 -5.517128392270165271e-02 1.191578947368416408e+00
1.052631578947322843e-01 -5.487494217722455048e-02 1.233684210526310832e+00
1.052631578947322843e-01 -4.979778089021813514e-02 1.275789473684205255e+00
1.052631578947322843e-01 -3.970433285362262588e-02 1.317894736842100123e+00
1.052631578947322843e-01 -2.400609066612280351e-02 1.359999999999994991e+00
9.841051603617945176e-02 -2.105263157895165271e-02 1.402105263157889414e+00
1.052631578947322843e-01 -2.105263157895165271e-02 1.365661331979846516e+00
8.725875051397569138e-02 -2.105263157895165271e-02 1.444210526315783838e+00
8.183192202918965208e-02 -2.105263157895165271e-02 1.486315789473678706e+00
1.052631578947322843e-01 -2.105263157895165271e-02 1.515310058593744458e+00
1.052631578947322843e-01 -3.806618138363915271e-02 1.528421052631573573e+00
1.052631578947322843e-01 -5.824167351974107731e-02 1.696842105263152156e+00
9.162051552219940831e-02 -2.105263157895165271e-02 1.738947368421046580e+00
1.052631578947322843e-01 -2.105263157895165271e-02 1.730892333984368925e+00
7.326114052219967476e-02 2.105263157894299297e-02 9.389473684210483118e-01
8.886927554481438563e-02 2.105263157894299297e-02 9.810526315789429574e-01
9.954801860608109010e-02 2.105263157894299297e-02 1.023157894736837825e+00
1.052631578947322843e-01 2.105263157894299297e-02 1.054797716642676519e+00
9.841051603617945176e-02 2.105263157894299297e-02 1.402105263157889414e+00
1.052631578947322843e-01 2.105263157894299297e-02 1.365661331979846516e+00
8.725875051397569138e-02 2.105263157894299297e-02 1.444210526315783838e+00
8.183192202918965208e-02 2.105263157894299297e-02 1.486315789473678706e+00
1.052631578947322843e-01 2.105263157894299297e-02 1.515310058593744458e+00
9.162051552219940831e-02 2.105263157894299297e-02 1.738947368421046580e+00
1.052631578947322843e-01 2.105263157894299297e-02 1.730892333984368925e+00
6.503376207853150959e-02 6.315789473683786071e-02 9.810526315789429574e-01
7.874354312293974090e-02 6.315789473683786071e-02 1.023157894736837825e+00
1.052631578947322843e-01 2.630711605673896614e-02 1.065263157894732249e+00
8.849326685854830288e-02 6.315789473683786071e-02 1.065263157894732249e+00
1.052631578947322843e-01 4.125591077302193099e-02 1.107368421052626672e+00
9.525355288856474090e-02 6.315789473683786071e-02 1.107368421052626672e+00
1.052631578947322843e-01 5.069917377672261694e-02 1.149473684210521540e+00
9.954159385279170991e-02 6.315789473683786071e-02 1.149473684210521540e+00
1.052631578947322843e-01 5.517128392269299297e-02 1.191578947368416408e+00
1.015840229235149828e-01 6.315789473683786071e-02 1.191578947368416408e+00
1.052631578947322843e-01 5.487494217721611278e-02 1.233684210526310832e+00
1.014483000102752719e-01 6.315789473683786071e-02 1.233684210526310832e+00
1.052631578947322843e-01 4.979778089020925336e-02 1.275789473684205255e+00
9.913105211759409841e-02 6.315789473683786071e-02 1.275789473684205255e+00
1.052631578947322843e-01 3.970433285361396614e-02 1.317894736842100123e+00
9.455100611636080288e-02 6.315789473683786071e-02 1.317894736842100123e+00
1.052631578947322843e-01 2.400609066611414377e-02 1.359999999999994991e+00
8.745711477178819138e-02 6.315789473683786071e-02 1.359999999999994991e+00
7.728046618009409841e-02 6.315789473683786071e-02 1.402105263157889414e+00
1.052631578947322843e-01 3.806618138363049297e-02 1.528421052631573573e+00
8.591147974917312524e-02 6.315789473683786071e-02 1.528421052631573573e+00
1.052631578947322843e-01 6.315789473683786071e-02 1.559424181486425365e+00
9.780964098478150959e-02 6.315789473683786071e-02 1.696842105263152156e+00
1.052631578947322843e-01 6.315789473683786071e-02 1.686801179584698218e+00
1.052631578947322843e-01 5.824167351973219553e-02 1.696842105263152156e+00
1.052631578947322843e-01 6.830910130550549297e-02 1.570526315789467997e+00
1.052631578947322843e-01 7.668746145147586901e-02 1.612631578947362421e+00
1.052631578947322843e-01 7.419369346216653227e-02 1.654736842105257288e+00
7.956189607318631118e-02 1.894736842105215757e-01 8.968421052631536661e-01
1.052631578947322843e-01 1.680656031558340757e-01 8.968421052631536661e-01
1.052631578947322843e-01 1.894736842105215757e-01 8.756498959189924491e-01
1.052631578947322843e-01 1.508034153988440096e-01 9.389473684210483118e-01
1.052631578947322843e-01 1.548111765008175489e-01 9.810526315789429574e-01
1.052631578947322843e-01 1.834605969880707121e-01 1.023157894736837825e+00
1.052631578947322843e-01 1.894736842105215757e-01 1.028289184570307935e+00
8.091398540295591246e-02 2.315789473684164435e-01 8.968421052631536661e-01
1.052631578947322843e-01 2.315789473684164435e-01 8.768214496813280245e-01
1.052631578947322843e-01 2.315789473684164435e-01 1.027231348941195943e+00
1.052631578947322843e-01 2.510687577096990530e-01 8.968421052631536661e-01
1.052631578947322843e-01 2.682371440686628361e-01 9.389473684210483118e-01
1.052631578947322843e-01 2.641155042146330345e-01 9.810526315789429574e-01
1.052631578947322843e-01 2.361623663651268856e-01 1.023157894736837825e+00
1.379972759046004249e-01 -2.315789473684248811e-01 8.547368421052590204e-01
1.473684210526267080e-01 -2.380578292043624700e-01 8.547368421052590204e-01
1.473684210526267080e-01 -2.315789473684248811e-01 8.486946828741734894e-01
1.473684210526267080e-01 -2.629214638157932882e-01 8.968421052631536661e-01
1.473684210526267080e-01 -2.600388376336386642e-01 9.389473684210483118e-01
1.473684210526267080e-01 -2.336194490131617840e-01 9.810526315789429574e-01
1.094620554070679930e-01 -2.315789473684248811e-01 1.023157894736837825e+00
1.473684210526267080e-01 -2.315789473684248811e-01 9.830070415296008335e-01
1.360611765008177265e-01 -1.894736842105302355e-01 8.547368421052590204e-01
1.473684210526267080e-01 -1.894736842105302355e-01 8.474005769428412105e-01
1.105510510896334786e-01 -1.894736842105302355e-01 1.023157894736837825e+00
1.473684210526267080e-01 -1.894736842105302355e-01 9.841649426911960319e-01
1.473684210526267080e-01 -1.813206722861882003e-01 8.547368421052590204e-01
1.473684210526267080e-01 -1.560578998766486425e-01 8.968421052631536661e-01
1.473684210526267080e-01 -1.589482357627507447e-01 9.389473684210483118e-01
1.473684210526267080e-01 -1.860878392269775805e-01 9.810526315789429574e-01
1.102425023129067760e-01 -6.315789473684629840e-02 1.570526315789467997e+00
1.190175909745021521e-01 -6.315789473684629840e-02 1.612631578947362421e+00
1.170816521895514661e-01 -6.315789473684629840e-02 1.654736842105257288e+00
1.072257594058343422e-01 -2.105263157895165271e-02 1.065263157894732249e+00
1.127936112253244971e-01 -2.105263157895165271e-02 1.107368421052626672e+00
1.162861071134821955e-01 -2.105263157895165271e-02 1.149473684210521540e+00
1.179287559107682348e-01 -2.105263157895165271e-02 1.191578947368416408e+00
1.178201775801763773e-01 -2.105263157895165271e-02 1.233684210526310832e+00
1.159539473684163546e-01 -2.105263157895165271e-02 1.275789473684205255e+00
1.122173108552586562e-01 -2.105263157895165271e-02 1.317894736842100123e+00
1.063662880345348505e-01 -2.105263157895165271e-02 1.359999999999994991e+00
1.137883236533672182e-01 -2.105263157895165271e-02 1.528421052631573573e+00
1.318740041632353588e-01 -2.105263157895165271e-02 1.570526315789467997e+00
1.404743395353573732e-01 -2.105263157895165271e-02 1.612631578947362421e+00
1.403639943976107141e-01 -2.105263157895165271e-02 1.654736842105257288e+00
1.292780825966235447e-01 -2.105263157895165271e-02 1.696842105263152156e+00
1.072257594058343422e-01 2.105263157894299297e-02 1.065263157894732249e+00
1.127936112253244971e-01 2.105263157894299297e-02 1.107368421052626672e+00
1.162861071134821955e-01 2.105263157894299297e-02 1.149473684210521540e+00
1.179287559107682348e-01 2.105263157894299297e-02 1.191578947368416408e+00
1.178201775801763773e-01 2.105263157894299297e-02 1.233684210526310832e+00
1.159539473684163546e-01 2.105263157894299297e-02 1.275789473684205255e+00
1.122173108552586562e-01 2.105263157894299297e-02 1.317894736842100123e+00
1.063662880345348505e-01 2.105263157894299297e-02 1.359999999999994991e+00
1.137883236533672182e-01 2.105263157894299297e-02 1.528421052631573573e+00
1.318740041632353588e-01 2.105263157894299297e-02 1.570526315789467997e+00
1.404743395353573732e-01 2.105263157894299297e-02 1.612631578947362421e+00
1.403639943976107141e-01 2.105263157894299297e-02 1.654736842105257288e+00
1.292780825966235447e-01 2.105263157894299297e-02 1.696842105263152156e+00
1.102425023129067760e-01 6.315789473683786071e-02 1.570526315789467997e+00
1.190175909745021521e-01 6.315789473683786071e-02 1.612631578947362421e+00
1.170816521895514661e-01 6.315789473683786071e-02 1.654736842105257288e+00
1.360611765008177265e-01 1.894736842105215757e-01 8.547368421052590204e-01
1.473684210526267080e-01 1.813206722861795406e-01 8.547368421052590204e-01
1.473684210526267080e-01 1.894736842105215757e-01 8.474005769428412105e-01
1.473684210526267080e-01 1.560578998766399828e-01 8.968421052631536661e-01
1.473684210526267080e-01 1.589482357627418629e-01 9.389473684210483118e-01
1.473684210526267080e-01 1.860878392269689208e-01 9.810526315789429574e-01
1.105510510896334786e-01 1.894736842105215757e-01 1.023157894736837825e+00
1.473684210526267080e-01 1.894736842105215757e-01 9.841649426911960319e-01
1.379972759046004249e-01 2.315789473684164435e-01 8.547368421052590204e-01
1.473684210526267080e-01 2.315789473684164435e-01 8.486946828741734894e-01
1.094620554070679930e-01 2.315789473684164435e-01 1.023157894736837825e+00
1.473684210526267080e-01 2.315789473684164435e-01 9.830070415296008335e-01
1.473684210526267080e-01 2.380578292043535882e-01 8.547368421052590204e-01
1.473684210526267080e-01 2.629214638157844064e-01 8.968421052631536661e-01
1.473684210526267080e-01 2.600388376336297824e-01 9.389473684210483118e-01
1.473684210526267080e-01 2.336194490131529022e-01 9.810526315789429574e-01
1.894736842105215757e-01 -2.474109850431780444e-01 8.547368421052590204e-01
1.894736842105215757e-01 -2.315789473684248811e-01 8.340499396073148830e-01
1.894736842105215757e-01 -2.477948640522242840e-01 8.968421052631536661e-01
1.813280607524623278e-01 -2.315789473684248811e-01 9.389473684210483118e-01
1.894736842105215757e-01 -2.315789473684248811e-01 9.258774928042721175e-01
1.490761204769688320e-01 -2.315789473684248811e-01 9.810526315789429574e-01
1.894736842105215757e-01 -1.894736842105302355e-01 8.318594199732689543e-01
1.825111790707190096e-01 -1.894736842105302355e-01 9.389473684210483118e-01
1.894736842105215757e-01 -1.894736842105302355e-01 9.279118909333838872e-01
1.500897859272156687e-01 -1.894736842105302355e-01 9.810526315789429574e-01
1.894736842105215757e-01 -1.713102641858592623e-01 8.547368421052590204e-01
1.894736842105215757e-01 -1.712768554687540412e-01 8.968421052631536661e-01
1.894736842105215757e-01 1.713102641858506026e-01 8.547368421052590204e-01
1.894736842105215757e-01 1.894736842105215757e-01 8.318594199732689543e-01
1.894736842105215757e-01 1.712768554687453815e-01 8.968421052631536661e-01
1.825111790707190096e-01 1.894736842105215757e-01 9.389473684210483118e-01
1.894736842105215757e-01 1.894736842105215757e-01 9.279118909333838872e-01
1.500897859272156687e-01 1.894736842105215757e-01 9.810526315789429574e-01
1.894736842105215757e-01 2.315789473684164435e-01 8.340499396073148830e-01
1.813280607524623278e-01 2.315789473684164435e-01 9.389473684210483118e-01
1.894736842105215757e-01 2.315789473684164435e-01 9.258774928042721175e-01
1.490761204769688320e-01 2.315789473684164435e-01 9.810526315789429574e-01
1.894736842105215757e-01 2.474109850431696067e-01 8.547368421052590204e-01
1.894736842105215757e-01 2.477948640522154022e-01 8.968421052631536661e-01
2.145817806846168629e-01 -2.315789473684248811e-01 8.547368421052590204e-01
2.064898039165248278e-01 -2.315789473684248811e-01 8.968421052631536661e-01
2.171123303865085674e-01 -1.894736842105302355e-01 8.547368421052590204e-01
2.079379433079719952e-01 -1.894736842105302355e-01 8.968421052631536661e-01
2.171123303865085674e-01 1.894736842105215757e-01 8.547368421052590204e-01
2.079379433079719952e-01 1.894736842105215757e-01 8.968421052631536661e-01
2.145817806846168629e-01 2.315789473684164435e-01 8.547368421052590204e-01
2.064898039165248278e-01 2.315789473684164435e-01 8.968421052631536661e-01
